6.716524667559882
18.63042473812032
15.948889648672946
14.094320312531329
14.678651788571782
9.064719934635448
16.71792279170612
14.314504507109715
17.72841376673262
12.024475983047436
11.944463081715385
10.281761290271218
5.966361895135864
5.33052269859299
16.056472037498132
13.690006367593163
11.743069020953687
7.53064227197111
12.623728155534156
15.61380513140001
14.837528897448673
14.48503700557855
7.000627100346768
11.412156846541226
6.125704125009183
9.448991428154743
8.830345262561572
14.864748315039664
11.306676997148545
13.240334146228108
11.444118159130324
10.957575928242727
11.218153289647276
10.510123115710057
12.133150394041738
15.829967997681843
20.14360764079495
25.592519931510868
21.759862049638897
21.9629965841471
18.144474340458554
15.601947645565934
13.662279921349702
10.115655696691471
12.501544021114112
4.2866463177201695
9.035280582457354
8.003266020117888
15.73662892068104
18.694424162956302
19.436397505205612
16.071801683212247
23.356612670063612
18.51933662237152
19.409806110903972
14.22575791382269
18.596421108536354
21.321025587347535
14.853634172279865
9.700753457884002
13.098424304915335
14.740212169068261
18.5334740471073
15.824369288073736
18.570503757599635
12.97432778920116
8.926232266273594
17.318182714298384
10.943052163059933
9.086362518172388
19.65898508272892
16.896696657010434
14.455027926795067
11.756026993016636
12.49275296230827
8.398823530866183
4.284402029699287
15.83427958365677
18.14259507098845
16.572763070422152
13.325161311001674
13.054426801761403
17.123118367802817
15.228811885964939
16.07545889263288
12.778014974706633
15.489478565150797
7.264758970837494
12.443673245882923
13.946505727479341
9.957746172459148
11.806387225029388
18.74899882358808
17.531743853682848
13.378190377625309
14.201508703977298
18.548930185188475
20.852456785845845
25.355483198226853
15.20830136304974
14.375802550534836
15.266875801936727
23.682500753329062
21.360501468595768
26.708246674089988
26.0850093489686
21.129740573558962
17.502367518218083
19.890005846197333
8.240246247023302
6.169370948548939
21.98894058035804
18.198828005633008
18.142723215842025
13.75625636212892
12.130076585899767
19.111414569332222
12.042069199019128
13.1307362445372
15.653943299753
9.42067691273492
17.07987883032883
16.656970361317384
18.032205042302497
23.86602255880903
23.2767797370705
23.57722577477622
21.91151831467247
21.729589379477748
19.32487060537755
15.857304504982272
12.650559331198854
15.029599249295137
12.323750865637242
18.425693897131154
12.939341954562913
9.14332277871384
15.137238973806907
22.129886738544826
15.576347357383016
14.163206235421926
5.943023780869603
7.366016801721347
10.371358531938832
8.034848848978815
13.81705055398188
15.916262341080886
14.437843215542845
17.256343160573877
22.16541559565989
21.751124217031027
22.353773811284455
18.246811617567005
18.986267940183506
19.881938171158815
18.53593131740473
9.979313770638859
14.602715272531887
17.530094710102546
14.707038991268977
13.872388334516751
14.895602346927157
17.616944024325054
16.096368003307962
13.140160603117996
11.714273504246774
11.965562171787415
10.914741186451002
10.168101969098768
7.5974753257956245
15.802288727744454
16.629071541930873
16.344914774019287
11.218058822624728
15.37978344678211
19.133773342110747
16.704734573626496
13.16470538098859
11.799180753151575
9.24952079658448
12.887650306240902
18.88680568147024
15.384323657249642
13.243014636590694
11.136492192099263
13.715092547341596
23.185685649234557
22.78634836997203
24.356678693912905
22.861902482458255
17.327511546365038
18.348971556435853
16.301274194918935
16.417905778635493
10.466902775430196
5.938545547860554
7.42694995540526
5.624988514800011
10.010028423781698
10.94437123774625
16.351884014985075
13.724713762077494
15.02920804844674
11.52813090249434
15.985327868219182
12.449832703308134
11.476251063232619
6.791910246954875
11.904460421100499
8.977945023387095
9.735773103219044
11.95812141288255
10.032640694536957
8.786610958794272
10.738482373538845
11.060416870759783
9.06623287991422
7.641594265464951
10.657976906237241
16.468110800850393
12.657195424255992
12.392118432850632
9.703900139609347
8.630987674212749
7.558724048293556
16.519355763261007
8.60367021617486
12.511394173820046
12.41203677715654
16.432319039479722
15.27631058156314
16.971014919943354
16.350977796878812
15.170974444083363
16.64322319263359
14.337141722649802
11.91334358539646
12.918612644726359
12.345864411024564
14.112980404311402
14.108865216644485
10.466150654188604
9.931204664750782
12.21157160723011
4.71300712963197
4.931272947629275
17.039789789256446
13.627373715671451
15.711509163432995
11.012433994295893
10.750972671002852
13.641219205377853
15.345068597471517
11.477645992966146
14.80551770929744
13.873922120246753
18.77583805781714
14.328956099461418
13.582355082920252
14.842176495539313
10.997829371262588
11.97546248231843
12.5430003768495
15.483011131217946
18.346611145521333
22.64941409547679
23.52085346824873
22.09879957187095
12.324986387787032
10.328489313115256
12.444414778884951
14.862294886978844
17.992621131074486
22.22588339892512
21.42993077161099
19.1804508221257
17.022945180041514
15.388706835682264
17.994897240047944
21.393165621345386
18.3476644914791
24.18315408499731
15.919718437353318
12.309990506229479
10.662227019363776
10.869713301324916
9.18232655826946
10.014661108238666
10.105126073624513
11.98937831880618
8.144620020791864
10.215171287160434
9.568371800516337
11.311306189895358
16.64591660046593
13.845918420324404
16.055631822848177
13.200974971007597
9.785237149757835
9.62267930412552
12.841384183033243
10.385648561865725
10.519648133962791
14.627828400475794
16.937147611704564
11.296174836880065
11.478663882134876
12.38061885314654
16.07041802586015
6.9927504991079115
9.794848501366555
15.821289965917197
13.318103887110011
10.148405457578454
7.187432785000145
11.699627745596944
10.524399902295833
5.8141906275189275
5.117329818008122
5.126653105957417
10.617763327088577
12.86538569035391
13.991929973702945
14.554582965124206
13.370747482004022
13.592833193545696
9.809257363041967
11.184572428205431
8.349988290006454
10.158679882597541
16.22688354184409
13.89432251487508
4.003872911864636
12.939197612145948
7.453952024777671
15.213959137607555
12.14535589596457
16.166937645406087
11.651137876774879
13.020491144459957
9.932762864292682
5.56930902436288
12.696188683337823
9.23990776849305
10.16283670652975
8.180061446566171
15.182155806267644
14.866275224534588
11.013087930582262
5.938158809625128
13.814923329817246
10.449241989144399
13.675714514837523
11.573768232233002
15.428686087729254
17.56843903739747
18.408997744760274
15.834144801894912
21.971346824862376
16.57781795961844
16.80892576901855
17.8853002832679
11.32654789598841
11.985904256058326
13.194319911666003
7.526377300165871
12.228533159340815
4.898128766096511
9.8527480527078
6.6224828457315725
18.788325342107733
14.890852162430436
22.192369440252868
10.71814360380001
12.138181528468772
6.593762210674071
6.767304819272486
13.42824412245218
11.912227526952533
6.206619094234522
11.335887227056892
15.777355280785688
14.21534718284219
15.853334307646863
13.73404923801952
14.955677707565972
10.027110194113272
8.404626483514072
11.46467456091975
12.108374523855849
15.387342421264314
16.356894753386786
11.26288379758714
14.196632794522156
12.40902306940829
11.264229285984994
6.923381627789938
10.781463065446458
8.348623179501601
12.62605607092708
