5.445584746063199866e+00
6.287355158576807490e+00
5.519954907620946649e+00
5.803961005889953562e+00
5.777435663932511289e+00
5.397295329555052312e+00
5.854732183304419024e+00
5.451661365898021749e+00
5.582413463665236719e+00
4.925499260783828603e+00
5.047995859768300342e+00
5.783944043464591900e+00
6.084698071710822553e+00
4.639892359957016765e+00
5.382646104656968689e+00
5.160090931108148204e+00
5.516200605321092354e+00
5.665207790405060173e+00
5.745319981001783205e+00
5.494582822563017999e+00
5.051115312970978266e+00
5.565636080007417164e+00
5.674842459253987670e+00
5.320469249213489960e+00
5.644181657793216900e+00
5.913811846283974383e+00
5.194738900922830638e+00
6.042529754244469586e+00
5.336582316527007208e+00
5.666011020301294998e+00
5.255922680041464012e+00
6.905175954048329956e+00
5.276076624658258218e+00
5.450731008392630805e+00
6.410868575368922073e+00
5.925028273885000196e+00
5.652110222908648396e+00
5.162739560066922806e+00
5.745966349219448155e+00
5.597214460201155539e+00
5.696515324174133532e+00
5.261465957143551364e+00
6.089113460838221137e+00
5.799920027773840303e+00
5.896729807123885614e+00
5.720466744596478748e+00
5.537085584024787011e+00
5.337212329345341288e+00
5.761908807160661006e+00
5.279362171290017614e+00
5.803526397147338756e+00
5.434139782418617948e+00
6.003296269256745532e+00
5.406344320790395841e+00
5.658561635957770619e+00
5.308340438848711429e+00
5.277307924266155581e+00
5.087477959604304267e+00
6.092310666945104813e+00
5.735993191104716615e+00
5.494323125020353693e+00
4.995989745729907838e+00
5.848424876677835726e+00
6.257946849576914161e+00
5.464021994677281668e+00
5.392768222577298154e+00
5.596432675079293872e+00
5.630777727666325561e+00
4.876656911529059002e+00
4.618618400358207587e+00
5.688207283989266116e+00
5.001315639086685749e+00
5.326999551596756532e+00
5.575886103795127724e+00
6.488259063350001909e+00
6.311540428372803824e+00
6.194067634473741535e+00
4.837004243371784362e+00
5.711311414106237550e+00
5.720192377350717727e+00
