7.021983874686307914e+00
7.474569681837892610e+00
6.076222074364966197e+00
7.467018456390285053e+00
7.925130688216796671e+00
7.107781753527223856e+00
6.686145622472299266e+00
7.383217528592208367e+00
6.609041741131853165e+00
6.148507450010617603e+00
7.217503559638832833e+00
6.769980457070667867e+00
8.094082271098809400e+00
7.973034580690687712e+00
6.931538115433801828e+00
6.727988128257791800e+00
5.217728511250992796e+00
7.325311542988501401e+00
6.047330165093780074e+00
7.618507597533157316e+00
