5.449754996614695202e+00
5.726902197267429884e+00
6.049267202925250331e+00
5.354720622023029009e+00
6.171949861037408169e+00
6.233004803553932049e+00
5.084257626833571742e+00
7.078685180472686689e+00
6.328620580457457123e+00
6.760606058869410795e+00
7.240933343753300555e+00
6.368974101226612561e+00
6.462668765990946973e+00
7.069515807918397954e+00
6.859893596745315847e+00
6.314330494308944886e+00
6.042163134649141121e+00
6.659539289985215049e+00
5.278778557516872638e+00
6.000134372717341513e+00
5.665610358779388456e+00
5.866638133726776339e+00
5.563810123178869027e+00
6.462522530867153669e+00
5.998679465610973871e+00
6.556538986835652061e+00
6.316588490381908727e+00
6.743496115381830691e+00
7.521730814183419156e+00
7.160935549829130053e+00
7.279119158370536802e+00
5.322388224350758534e+00
6.228952095141536915e+00
4.870017231548183112e+00
6.694637188455009102e+00
7.721342581653808601e+00
6.950559773216523851e+00
5.674905867574890905e+00
6.575923650454396530e+00
6.028651952076200971e+00
6.085149612767398075e+00
7.276023894857340579e+00
7.499880857325806005e+00
5.936045302006982105e+00
6.401174807489037555e+00
5.921039931487457331e+00
5.134897184676516346e+00
5.642252848121020570e+00
5.823453249625045736e+00
5.906020148728917007e+00
6.567278690912545791e+00
7.454770800521842489e+00
5.248136567911930506e+00
5.642893280002884815e+00
6.613276181470271631e+00
7.056244226214467119e+00
6.088733904748662162e+00
6.813319671928454113e+00
6.575892868589932050e+00
6.451248742815516302e+00
6.217362561900535489e+00
6.117206613975211482e+00
5.674732320554561227e+00
6.975920965622715464e+00
7.200445121049789066e+00
6.873708248233993956e+00
5.014395950111307343e+00
5.776622502035660744e+00
5.129653029133136144e+00
5.943245120556421845e+00
6.564221363055929181e+00
5.601737294954173052e+00
5.945530263953149763e+00
5.871063850210654245e+00
6.705368151681050826e+00
5.889736288265697617e+00
5.872971765242855469e+00
7.284900043946739068e+00
5.986860471023050856e+00
5.758658583215662929e+00
5.423242641394405261e+00
4.986394857637632683e+00
5.009368313900720793e+00
6.334895213107193612e+00
6.450363270354447565e+00
5.745263762844841082e+00
5.184152614751427635e+00
6.459109168411464985e+00
7.332964861290568237e+00
6.728136549230031349e+00
6.274657624685237245e+00
6.773450429155390751e+00
7.236284218240016664e+00
6.143610938212144212e+00
6.841627186329085397e+00
5.299978485122013083e+00
7.143935333700090595e+00
6.130733103788003291e+00
7.112591123261792880e+00
6.538912303467220077e+00
1.365842049667594260e+01
1.301661239863680031e+01
1.193897688703764359e+01
1.188099617298188626e+01
1.276691764568283993e+01
1.436043553301051290e+01
1.560319396000090464e+01
1.331807188745566961e+01
1.380067247895780014e+01
1.213671830998439560e+01
1.229515608977626151e+01
1.334254622139764201e+01
1.273440920338464366e+01
1.301057680053382626e+01
1.486740294940200258e+01
1.220605511354239603e+01
1.388471441107194693e+01
1.379035047921241208e+01
1.354576288523667671e+01
1.428211191492969334e+01
1.223733818559232134e+01
1.274382684475744298e+01
1.299438103049961590e+01
1.574821860261031325e+01
1.247729503446392130e+01
1.398198641968187061e+01
1.448894658761000898e+01
1.377366107497005920e+01
1.428718081484490909e+01
1.373149579847722102e+01
1.381208385857601684e+01
1.600480413574469551e+01
1.454295105206954553e+01
1.391877956515990356e+01
1.351275105080938133e+01
1.317171847484811487e+01
1.312487875726185926e+01
1.392358156121837354e+01
1.384589974547628621e+01
1.330478630169813137e+01
1.345577275132357897e+01
1.436392357960742139e+01
1.276634048351808737e+01
1.338981606746470199e+01
1.371782758427465154e+01
1.307440113767912493e+01
1.300815920782220836e+01
1.411152142238616314e+01
1.351301193000526801e+01
1.356924868228976067e+01
1.438217806596479420e+01
1.367113477262372889e+01
1.467660858818432423e+01
1.524278925254279393e+01
1.363476588599252004e+01
1.457151110422163143e+01
1.298682237605768819e+01
1.213036495852708541e+01
1.199362659089348604e+01
1.339756124528938130e+01
1.399837718857518531e+01
1.394923802335416951e+01
1.249347489323418792e+01
1.229740572197023241e+01
1.434380540516304059e+01
1.418053657957533176e+01
1.167652288413818695e+01
1.275878215884248768e+01
1.317074268607648690e+01
1.353980930273887573e+01
1.310496931310544433e+01
1.384597594424544020e+01
1.328912400408412431e+01
1.280703325591713693e+01
1.263236320733490992e+01
1.252681935343582076e+01
1.245010269701806216e+01
1.176743808145594627e+01
1.391897629173547024e+01
1.383572979634920941e+01
1.236842087106266774e+01
1.402068916812105570e+01
1.327865119489594647e+01
1.372302086490576478e+01
1.352008691223808512e+01
1.386197391612381224e+01
1.347147252596356104e+01
1.390856466821624693e+01
1.400452163000087147e+01
1.259848204662398530e+01
1.268016157659030974e+01
1.394240669079902872e+01
1.277835516585534847e+01
1.422642557885619041e+01
1.382616318286486212e+01
1.320560363145846949e+01
1.260453939349991082e+01
1.394410752475449300e+01
1.382176822961330664e+01
1.274481774385399468e+01
